1.799999999999997726e+02
1.809999999999993463e+02
1.820000000000011653e+02
1.830000000000002842e+02
1.840000000000038085e+02
1.850000000000003411e+02
1.860000000000009379e+02
1.870000000000006253e+02
1.880000000000014495e+02
1.889999999999998863e+02
1.899999999999992326e+02
1.909999999999997726e+02
1.920000000000011369e+02
1.929999999999997442e+02
1.939999999999990905e+02
1.949999999999994031e+02
1.960000000000030411e+02
1.969999999999987779e+02
1.980000000000003126e+02
1.990000000000005116e+02
1.999999999999990052e+02
2.010000000000001137e+02
2.019999999999997442e+02
2.030000000000009095e+02
2.040000000000008811e+02
2.049999999999988347e+02
2.060000000000010516e+02
2.070000000000003126e+02
2.079999999999991473e+02
2.089999999999993747e+02
2.099999999999995168e+02
2.110000000000003126e+02
2.119999999999990905e+02
2.130000000000003126e+02
2.140000000000000853e+02
2.149999999999965894e+02
2.159999999999999716e+02
2.169999999999994884e+02
2.179999999999990052e+02
2.189999999999992326e+02
2.199999999999976978e+02
2.209999999999990052e+02
2.219999999999994316e+02
2.229999999999997158e+02
2.240000000000000568e+02
2.249999999999999716e+02
2.260000000000009095e+02
2.269999999999986642e+02
2.280000000000009948e+02
2.290000000000025295e+02
2.299999999999970441e+02
2.310000000000008242e+02
2.319999999999987779e+02
2.330000000000032969e+02
2.340000000000007674e+02
2.349999999999997158e+02
2.360000000000031264e+02
2.370000000000003695e+02
2.379999999999983515e+02
2.390000000000005684e+02
2.399999999999998010e+02
2.410000000000008811e+02
2.420000000000005116e+02
2.429999999999996874e+02
2.439999999999989200e+02
2.450000000000005969e+02
2.459999999999988347e+02
2.470000000000024443e+02
2.479999999999991189e+02
2.489999999999990621e+02
2.499999999999989768e+02
2.510000000000000568e+02
2.520000000000003411e+02
2.530000000000023590e+02
2.540000000000002558e+02
2.550000000000004832e+02
2.560000000000011937e+02
2.569999999999996589e+02
2.580000000000005684e+02
2.590000000000000000e+02
2.599999999999987494e+02
2.609999999999993747e+02
2.619999999999989200e+02
2.630000000000010800e+02
2.640000000000016485e+02
2.650000000000007390e+02
2.660000000000005116e+02
2.669999999999996021e+02
2.679999999999990337e+02
2.689999999999989200e+02
2.699999999999988063e+02
2.710000000000001705e+02
2.719999999999988631e+02
2.730000000000026716e+02
2.739999999999985221e+02
2.750000000000006253e+02
2.759999999999998863e+02
2.769999999999964189e+02
2.780000000000000568e+02
2.789999999999998295e+02
2.799999999999992042e+02
2.810000000000009095e+02
2.819999999999972147e+02
2.829999999999998863e+02
2.839999999999997726e+02
2.849999999999997158e+02
2.859999999999971578e+02
2.870000000000011937e+02
2.880000000000003411e+02
2.889999999999973852e+02
2.900000000000000568e+02
2.909999999999998295e+02
2.920000000000002274e+02
2.930000000000018758e+02
2.939999999999995453e+02
2.950000000000001137e+02
2.959999999999996589e+02
2.970000000000012506e+02
2.979999999999998295e+02
2.989999999999995453e+02
3.000000000000018190e+02
3.009999999999995453e+02
3.020000000000003979e+02
3.029999999999985221e+02
3.040000000000003979e+02
3.050000000000014211e+02
3.059999999999990905e+02
3.070000000000005684e+02
3.079999999999994884e+02
3.089999999999990337e+02
3.099999999999992610e+02
3.109999999999996589e+02
3.119999999999989768e+02
3.130000000000005116e+02
3.139999999999993747e+02
3.150000000000000000e+02
3.160000000000013074e+02
3.169999999999990337e+02
3.180000000000009095e+02
3.190000000000014211e+02
3.199999999999994316e+02
3.210000000000007958e+02
3.220000000000006821e+02
3.230000000000013074e+02
3.239999999999989200e+02
3.249999999999994884e+02
3.260000000000007958e+02
3.269999999999999432e+02
3.280000000000007958e+02
3.289999999999994316e+02
3.300000000000035243e+02
3.310000000000001705e+02
3.320000000000010800e+02
3.329999999999996021e+02
3.340000000000010800e+02
3.350000000000001137e+02
3.360000000000034674e+02
3.369999999999994316e+02
3.380000000000010232e+02
3.389999999999978968e+02
3.399999999999992042e+02
3.410000000000034106e+02
3.420000000000010232e+02
3.430000000000016485e+02
3.439999999999995453e+02
3.450000000000007958e+02
3.460000000000007958e+02
3.469999999999968736e+02
3.480000000000007390e+02
3.490000000000010232e+02
3.500000000000031264e+02
3.509999999999993179e+02
3.519999999999989768e+02
3.530000000000006821e+02
3.540000000000000000e+02
3.550000000000017621e+02
3.560000000000002274e+02
3.569999999999989768e+02
3.579999999999988063e+02
3.589999999999968168e+02
3.600000000000001705e+02
3.609999999999996589e+02
3.619999999999988063e+02
3.629999999999997726e+02
3.639999999999993747e+02
3.649999999999990337e+02
3.659999999999992042e+02
3.669999999999999432e+02
3.680000000000031832e+02
3.690000000000025580e+02
3.700000000000012506e+02
3.710000000000018190e+02
3.720000000000012506e+02
3.730000000000006253e+02
3.740000000000033538e+02
3.749999999999993179e+02
3.760000000000005684e+02
3.770000000000009095e+02
3.779999999999984084e+02
3.790000000000007958e+02
3.800000000000001137e+02
3.810000000000000568e+02
3.819999999999964757e+02
3.829999999999993747e+02
3.839999999999984084e+02
3.849999999999997726e+02
3.859999999999993179e+02
3.869999999999998295e+02
3.880000000000031264e+02
3.889999999999981810e+02
3.900000000000009095e+02
3.909999999999988063e+02
3.919999999999990337e+02
3.930000000000005684e+02
3.939999999999992042e+02
3.950000000000000000e+02
3.960000000000003979e+02
3.970000000000014211e+02
3.979999999999992042e+02
3.989999999999988063e+02
4.000000000000000000e+02
4.009999999999993179e+02
4.020000000000000000e+02
4.029999999999971578e+02
4.040000000000007958e+02
4.049999999999997726e+02
4.059999999999998863e+02
4.070000000000015348e+02
4.079999999999993179e+02
4.089999999999997726e+02
4.099999999999988631e+02
4.109999999999994316e+02
4.120000000000036380e+02
4.129999999999979536e+02
4.140000000000009663e+02
4.150000000000004547e+02
4.159999999999985221e+02
4.170000000000019895e+02
4.179999999999966462e+02
4.190000000000003979e+02
4.200000000000004547e+02
4.210000000000034674e+02
4.220000000000003979e+02
4.230000000000016485e+02
4.239999999999994884e+02
4.250000000000005116e+02
4.260000000000006821e+02
4.270000000000029559e+02
4.279999999999996589e+02
4.289999999999998295e+02
4.299999999999996589e+02
4.309999999999993747e+02
4.319999999999989768e+02
4.329999999999999432e+02
4.340000000000009095e+02
4.349999999999998295e+02
4.359999999999989768e+02
4.370000000000001137e+02
4.379999999999992042e+02
4.389999999999992610e+02
4.399999999999976126e+02
4.410000000000009663e+02
4.420000000000005116e+02
4.429999999999989768e+02
4.440000000000014211e+02
4.449999999999970441e+02
4.459999999999993747e+02
4.469999999999989200e+02
4.480000000000030695e+02
4.490000000000010800e+02
4.499999999999989768e+02
4.510000000000000000e+02
4.519999999999988063e+02
4.529999999999996021e+02
4.540000000000012506e+02
4.550000000000016485e+02
4.560000000000006253e+02
4.570000000000000568e+02
4.580000000000010800e+02
4.590000000000017053e+02
4.599999999999993747e+02
4.610000000000032969e+02
4.619999999999998295e+02
4.629999999999990905e+02
4.639999999999990337e+02
4.650000000000011937e+02
4.659999999999992610e+02
4.670000000000011369e+02
4.679999999999995453e+02
4.690000000000011937e+02
4.699999999999997726e+02
4.710000000000006821e+02
4.719999999999989768e+02
4.729999999999990905e+02
4.739999999999996021e+02
4.750000000000011937e+02
4.759999999999988063e+02
4.769999999999990905e+02
4.780000000000033538e+02
4.789999999999998863e+02
4.800000000000009663e+02
4.810000000000033538e+02
4.820000000000009095e+02
4.829999999999992042e+02
4.840000000000007390e+02
4.849999999999997726e+02
4.860000000000000000e+02
4.870000000000022169e+02
4.879999999999961915e+02
4.889999999999989768e+02
4.899999999999992042e+02
4.910000000000000000e+02
4.919999999999988631e+02
4.930000000000026148e+02
4.940000000000000000e+02
4.949999999999992610e+02
4.960000000000002274e+02
4.969999999999998863e+02
4.980000000000019895e+02
4.989999999999994316e+02
5.000000000000000000e+02
5.010000000000003979e+02
5.019999999999995453e+02
5.030000000000003979e+02
5.040000000000005684e+02
5.050000000000019895e+02
5.060000000000005684e+02
5.070000000000000000e+02
5.079999999999996589e+02
5.089999999999995453e+02
5.099999999999980105e+02
5.110000000000006821e+02
5.120000000000004547e+02
5.129999999999988631e+02
5.139999999999996589e+02
5.150000000000012506e+02
5.160000000000007958e+02
5.170000000000005684e+02
5.179999999999990905e+02
5.189999999999994316e+02
5.199999999999993179e+02
5.210000000000004547e+02
5.219999999999968168e+02
5.230000000000013642e+02
5.239999999999992042e+02
5.249999999999995453e+02
5.259999999999989768e+02
5.270000000000002274e+02
5.280000000000012506e+02
5.290000000000010232e+02
5.300000000000011369e+02
5.310000000000020464e+02
5.319999999999988631e+02
5.330000000000009095e+02
5.339999999999994316e+02
5.350000000000001137e+02
5.360000000000003411e+02
5.370000000000022737e+02
5.379999999999994316e+02
5.390000000000000000e+02
5.399999999999989768e+02
5.410000000000007958e+02
5.419999999999992042e+02
5.429999999999996589e+02
5.439999999999998863e+02
5.449999999999967031e+02
5.459999999999988631e+02
5.469999999999995453e+02
5.480000000000035243e+02
5.490000000000002274e+02
5.500000000000035243e+02
5.509999999999990905e+02
5.519999999999993179e+02
5.530000000000010232e+02
5.540000000000004547e+02
5.550000000000009095e+02
5.559999999999996589e+02
5.570000000000010232e+02
5.579999999999989768e+02
5.589999999999989768e+02
5.600000000000009095e+02
5.609999999999993179e+02
5.620000000000002274e+02
5.629999999999993179e+02
5.639999999999992042e+02
5.649999999999990905e+02
5.660000000000001137e+02
5.670000000000005684e+02
5.680000000000026148e+02
5.690000000000009095e+02
5.699999999999990905e+02
5.710000000000000000e+02
5.720000000000011369e+02
5.729999999999996589e+02
5.739999999999989768e+02
5.749999999999996589e+02
5.759999999999992042e+02
5.769999999999995453e+02
5.779999999999989768e+02
5.790000000000034106e+02
5.800000000000002274e+02
5.810000000000036380e+02
5.820000000000000000e+02
5.829999999999995453e+02
5.839999999999998863e+02
5.850000000000002274e+02
5.859999999999992042e+02
5.870000000000002274e+02
5.880000000000025011e+02
5.890000000000010232e+02
5.900000000000012506e+02
5.909999999999993179e+02
5.919999999999996589e+02
5.929999999999968168e+02
5.939999999999992042e+02
5.950000000000023874e+02
5.959999999999989768e+02
5.970000000000002274e+02
5.980000000000003411e+02
5.989999999999993179e+02
5.999999999999997726e+02
6.010000000000007958e+02
6.020000000000010232e+02
6.030000000000010232e+02
6.040000000000003411e+02
6.050000000000010232e+02
6.059999999999990905e+02
6.069999999999998863e+02
6.080000000000007958e+02
6.090000000000010232e+02
6.099999999999988631e+02
6.110000000000000000e+02
6.119999999999993179e+02
6.130000000000009095e+02
6.140000000000006821e+02
6.149999999999992042e+02
6.160000000000012506e+02
6.170000000000007958e+02
6.179999999999990905e+02
6.189999999999988631e+02
6.200000000000000000e+02
6.209999999999990905e+02
6.219999999999996589e+02
6.229999999999993179e+02
6.240000000000006821e+02
6.249999999999977263e+02
6.259999999999988631e+02
6.269999999999995453e+02
6.279999999999992042e+02
6.290000000000022737e+02
6.299999999999996589e+02
6.310000000000014779e+02
6.320000000000002274e+02
6.329999999999973852e+02
6.340000000000010232e+02
6.349999999999995453e+02
6.359999999999970441e+02
6.370000000000003411e+02
6.379999999999980673e+02
6.390000000000001137e+02
6.400000000000012506e+02
6.410000000000004547e+02
6.420000000000012506e+02
6.429999999999988631e+02
6.440000000000003411e+02
6.449999999999971578e+02
6.460000000000002274e+02
6.469999999999998863e+02
6.480000000000004547e+02
6.490000000000011369e+02
6.500000000000001137e+02
6.510000000000000000e+02
6.520000000000007958e+02
6.530000000000009095e+02
6.540000000000013642e+02
6.549999999999976126e+02
6.560000000000012506e+02
6.570000000000013642e+02
6.579999999999988631e+02
6.590000000000011369e+02
6.600000000000003411e+02
6.610000000000002274e+02
6.619999999999993179e+02
6.629999999999976126e+02
6.639999999999992042e+02
6.650000000000011369e+02
6.660000000000010232e+02
6.669999999999992042e+02
6.680000000000001137e+02
6.690000000000001137e+02
6.700000000000022737e+02
6.709999999999992042e+02
6.720000000000003411e+02
6.729999999999995453e+02
6.739999999999998863e+02
6.750000000000036380e+02
6.760000000000006821e+02
6.769999999999969305e+02
6.780000000000004547e+02
6.789999999999989768e+02
6.800000000000015916e+02
6.810000000000000000e+02
6.819999999999992042e+02
6.829999999999995453e+02
6.840000000000000000e+02
6.849999999999997726e+02
6.859999999999988631e+02
6.870000000000000000e+02
6.879999999999997726e+02
6.889999999999995453e+02
6.899999999999997726e+02
6.910000000000001137e+02
6.920000000000026148e+02
6.930000000000007958e+02
6.940000000000002274e+02
6.949999999999980673e+02
6.960000000000010232e+02
6.970000000000002274e+02
6.980000000000011369e+02
6.989999999999987494e+02
6.999999999999993179e+02
7.009999999999993179e+02
7.019999999999988631e+02
7.030000000000002274e+02
7.040000000000003411e+02
7.049999999999998863e+02
7.059999999999993179e+02
7.070000000000009095e+02
7.080000000000011369e+02
7.090000000000011369e+02
7.100000000000011369e+02
7.110000000000009095e+02
7.119999999999993179e+02
7.130000000000000000e+02
7.140000000000004547e+02
7.150000000000007958e+02
7.159999999999996589e+02
7.170000000000003411e+02
7.180000000000009095e+02
7.190000000000009095e+02
7.199999999999990905e+02
7.209999999999990905e+02
7.220000000000007958e+02
7.229999999999989768e+02
7.240000000000000000e+02
7.249999999999997726e+02
7.259999999999981810e+02
7.270000000000000000e+02
7.279999999999989768e+02
7.290000000000009095e+02
7.300000000000035243e+02
7.310000000000011369e+02
7.320000000000001137e+02
7.330000000000011369e+02
7.339999999999993179e+02
7.349999999999992042e+02
7.359999999999993179e+02
7.370000000000007958e+02
7.380000000000004547e+02
7.390000000000007958e+02
7.400000000000002274e+02
7.409999999999995453e+02
7.419999999999986358e+02
7.429999999999993179e+02
7.440000000000001137e+02
7.450000000000021600e+02
7.460000000000000000e+02
7.470000000000002274e+02
7.479999999999992042e+02
7.489999999999977263e+02
7.500000000000002274e+02
7.510000000000012506e+02
7.519999999999990905e+02
7.529999999999996589e+02
7.539999999999998863e+02
7.549999999999990905e+02
7.560000000000007958e+02
7.570000000000004547e+02
7.580000000000003411e+02
7.589999999999997726e+02
7.599999999999995453e+02
7.610000000000001137e+02
7.619999999999986358e+02
7.629999999999990905e+02
7.640000000000001137e+02
7.649999999999971578e+02
7.659999999999996589e+02
7.669999999999992042e+02
7.679999999999989768e+02
7.689999999999997726e+02
7.700000000000006821e+02
7.710000000000010232e+02
7.719999999999990905e+02
7.730000000000000000e+02
7.740000000000009095e+02
7.750000000000006821e+02
7.760000000000000000e+02
7.769999999999992042e+02
7.780000000000028422e+02
7.789999999999995453e+02
7.800000000000002274e+02
7.810000000000002274e+02
7.819999999999984084e+02
7.829999999999990905e+02
7.840000000000003411e+02
7.849999999999971578e+02
7.859999999999988631e+02
7.869999999999992042e+02
7.879999999999989768e+02
7.890000000000006821e+02
7.899999999999985221e+02
7.910000000000011369e+02
7.919999999999992042e+02
7.930000000000002274e+02
7.940000000000010232e+02
7.950000000000001137e+02
7.960000000000003411e+02
7.970000000000019327e+02
7.980000000000013642e+02
7.990000000000023874e+02
8.000000000000003411e+02
8.010000000000026148e+02
8.020000000000007958e+02
8.030000000000010232e+02
8.040000000000010232e+02
8.050000000000006821e+02
8.059999999999990905e+02
8.069999999999996589e+02
8.080000000000002274e+02
8.090000000000029559e+02
8.099999999999995453e+02
8.110000000000029559e+02
8.119999999999993179e+02
8.129999999999998863e+02
8.139999999999990905e+02
8.150000000000001137e+02
8.160000000000030695e+02
8.170000000000003411e+02
8.180000000000009095e+02
8.189999999999998863e+02
8.200000000000030695e+02
8.209999999999997726e+02
8.220000000000010232e+02
8.230000000000006821e+02
8.240000000000007958e+02
8.250000000000034106e+02
8.260000000000000000e+02
8.270000000000009095e+02
8.279999999999989768e+02
8.289999999999985221e+02
8.300000000000003411e+02
8.310000000000006821e+02
8.319999999999990905e+02
8.329999999999997726e+02
8.339999999999990905e+02
8.350000000000001137e+02
8.360000000000000000e+02
8.370000000000006821e+02
8.380000000000006821e+02
8.390000000000001137e+02
8.399999999999995453e+02
8.410000000000000000e+02
8.420000000000002274e+02
8.430000000000004547e+02
8.440000000000007958e+02
8.449999999999976126e+02
8.459999999999990905e+02
8.470000000000009095e+02
8.480000000000001137e+02
8.490000000000006821e+02
8.500000000000011369e+02
8.509999999999990905e+02
8.520000000000015916e+02
8.530000000000003411e+02
8.540000000000010232e+02
8.550000000000035243e+02
8.560000000000028422e+02
8.570000000000003411e+02
8.580000000000011369e+02
8.590000000000035243e+02
8.599999999999992042e+02
8.609999999999992042e+02
8.619999999999996589e+02
8.630000000000002274e+02
8.640000000000004547e+02
8.649999999999993179e+02
8.659999999999996589e+02
8.670000000000010232e+02
8.680000000000010232e+02
8.690000000000001137e+02
8.699999999999992042e+02
8.710000000000006821e+02
8.720000000000034106e+02
8.729999999999992042e+02
8.740000000000002274e+02
8.749999999999992042e+02
8.760000000000001137e+02
8.769999999999990905e+02
8.780000000000012506e+02
8.790000000000015916e+02
8.799999999999992042e+02
8.810000000000000000e+02
8.819999999999989768e+02
8.830000000000010232e+02
8.840000000000002274e+02
8.849999999999997726e+02
8.859999999999997726e+02
8.870000000000001137e+02
8.879999999999993179e+02
8.890000000000011369e+02
8.900000000000003411e+02
8.910000000000015916e+02
8.920000000000009095e+02
8.929999999999995453e+02
8.939999999999996589e+02
8.950000000000007958e+02
8.960000000000014779e+02
8.970000000000001137e+02
8.979999999999990905e+02
8.990000000000003411e+02
9.000000000000021600e+02
9.010000000000003411e+02
9.020000000000000000e+02
9.029999999999998863e+02
9.039999999999989768e+02
9.050000000000000000e+02
9.060000000000029559e+02
9.070000000000019327e+02
9.080000000000003411e+02
9.090000000000036380e+02
9.099999999999992042e+02
9.110000000000009095e+02
9.119999999999996589e+02
9.130000000000007958e+02
9.140000000000011369e+02
9.150000000000003411e+02
9.160000000000013642e+02
9.169999999999996589e+02
9.179999999999968168e+02
9.189999999999970441e+02
9.200000000000009095e+02
9.209999999999989768e+02
9.220000000000025011e+02
9.230000000000010232e+02
9.240000000000000000e+02
9.249999999999989768e+02
9.260000000000004547e+02
9.270000000000004547e+02
9.279999999999995453e+02
9.290000000000000000e+02
9.300000000000011369e+02
9.309999999999993179e+02
9.320000000000002274e+02
9.330000000000006821e+02
9.340000000000001137e+02
9.349999999999997726e+02
9.359999999999997726e+02
9.370000000000021600e+02
9.379999999999993179e+02
9.389999999999992042e+02
9.399999999999996589e+02
9.410000000000004547e+02
9.420000000000004547e+02
9.430000000000007958e+02
9.440000000000011369e+02
9.449999999999993179e+02
9.459999999999988631e+02
9.470000000000004547e+02
9.479999999999995453e+02
9.490000000000003411e+02
9.499999999999993179e+02
9.509999999999997726e+02
9.519999999999989768e+02
9.529999999999988631e+02
9.540000000000006821e+02
9.550000000000004547e+02
9.560000000000001137e+02
9.569999999999990905e+02
9.580000000000011369e+02
9.589999999999969305e+02
9.600000000000006821e+02
9.609999999999996589e+02
9.619999999999974989e+02
9.629999999999988631e+02
9.639999999999993179e+02
9.650000000000001137e+02
9.660000000000000000e+02
9.669999999999988631e+02
9.679999999999990905e+02
9.689999999999997726e+02
9.699999999999988631e+02
9.709999999999997726e+02
9.720000000000011369e+02
9.730000000000002274e+02
9.740000000000000000e+02
9.750000000000004547e+02
9.759999999999988631e+02
9.770000000000009095e+02
9.780000000000029559e+02
9.789999999999997726e+02
9.800000000000006821e+02
9.809999999999993179e+02
9.819999999999989768e+02
9.829999999999995453e+02
9.839999999999998863e+02
9.849999999999990905e+02
9.860000000000000000e+02
9.869999999999997726e+02
9.880000000000002274e+02
9.889999999999998863e+02
9.899999999999990905e+02
9.909999999999998863e+02
9.919999999999989768e+02
9.930000000000000000e+02
9.940000000000002274e+02
9.949999999999996589e+02
9.959999999999996589e+02
9.970000000000011369e+02
9.979999999999990905e+02
9.990000000000003411e+02
9.999999999999993179e+02
1.001000000000003411e+03
1.001999999999998863e+03
1.003000000000001251e+03
1.004000000000000227e+03
1.005000000000003524e+03
1.005999999999998863e+03
1.007000000000000114e+03
1.007999999999996589e+03
1.009000000000000682e+03
1.010000000000002046e+03
1.011000000000000682e+03
1.011999999999997158e+03
1.012999999999999545e+03
1.013999999999999773e+03
1.015000000000001819e+03
1.015999999999999773e+03
1.017000000000001023e+03
1.018000000000000227e+03
1.018999999999999091e+03
1.020000000000000341e+03
1.020999999999997385e+03
1.021999999999998977e+03
1.023000000000002046e+03
1.023999999999999886e+03
1.024999999999999545e+03
1.026000000000001137e+03
1.027000000000002501e+03
1.028000000000002501e+03
1.029000000000003638e+03
1.030000000000000000e+03
1.030999999999999773e+03
1.031999999999999318e+03
1.033000000000000227e+03
1.034000000000001819e+03
1.035000000000000455e+03
1.035999999999999091e+03
1.036999999999999318e+03
1.038000000000000909e+03
1.038999999999999773e+03
1.040000000000000455e+03
1.041000000000000909e+03
1.041999999999999545e+03
1.043000000000000000e+03
1.044000000000000000e+03
1.045000000000000909e+03
1.045999999999999773e+03
1.046999999999999545e+03
1.048000000000000455e+03
1.048999999999999318e+03
1.049999999999999545e+03
1.050999999999999318e+03
1.051999999999999091e+03
1.053000000000000000e+03
1.054000000000001137e+03
1.055000000000000227e+03
1.055999999999999318e+03
1.057000000000000682e+03
1.058000000000002501e+03
1.059000000000000227e+03
1.060000000000000682e+03
1.061000000000000909e+03
1.061999999999996817e+03
1.063000000000000682e+03
1.064000000000000000e+03
1.065000000000000682e+03
1.065999999999999318e+03
1.067000000000000227e+03
1.068000000000000909e+03
1.068999999999999773e+03
1.070000000000000455e+03
1.070999999999997726e+03
1.072000000000000455e+03
1.073000000000000455e+03
1.073999999999998181e+03
1.075000000000000455e+03
1.075999999999999773e+03
1.076999999999999318e+03
1.077999999999999545e+03
1.079000000000000227e+03
1.080000000000000455e+03
1.081000000000000909e+03
1.081999999999997499e+03
1.082999999999999318e+03
1.084000000000000455e+03
1.084999999999999318e+03
1.086000000000000909e+03
1.087000000000000227e+03
1.088000000000000682e+03
1.089000000000000455e+03
1.089999999999999773e+03
1.091000000000000455e+03
1.091999999999999091e+03
1.093000000000000455e+03
1.094000000000002501e+03
1.094999999999999545e+03
1.096000000000000000e+03
1.096999999999999545e+03
1.097999999999997726e+03
1.099000000000000909e+03
1.100000000000000909e+03
1.100999999999999773e+03
1.102000000000000227e+03
1.103000000000000909e+03
1.104000000000000227e+03
1.105000000000001137e+03
1.106000000000000455e+03
1.106999999999999318e+03
1.107999999999999091e+03
1.108999999999999318e+03
1.109999999999999545e+03
1.111000000000000909e+03
1.111999999999999545e+03
1.112999999999999773e+03
1.114000000000001137e+03
1.114999999999999773e+03
1.116000000000000909e+03
1.117000000000000000e+03
1.118000000000000455e+03
1.119000000000001364e+03
1.120000000000000227e+03
1.120999999999999091e+03
1.121999999999999773e+03
1.122999999999997954e+03
1.123999999999999091e+03
1.125000000000000227e+03
1.126000000000001819e+03
1.126999999999999091e+03
1.128000000000000000e+03
1.129000000000000000e+03
1.130000000000002728e+03
1.130999999999999091e+03
1.132000000000000909e+03
1.133000000000000455e+03
1.134000000000003638e+03
1.135000000000000909e+03
1.135999999999999773e+03
1.136999999999999318e+03
1.137999999999997499e+03
1.139000000000000455e+03
1.140000000000000227e+03
1.141000000000002501e+03
1.141999999999999318e+03
1.143000000000000227e+03
1.143999999999999545e+03
1.144999999999999318e+03
1.145999999999999773e+03
1.147000000000000909e+03
1.148000000000000000e+03
1.149000000000000455e+03
1.150000000000000455e+03
1.151000000000002728e+03
1.151999999999998636e+03
1.152999999999999773e+03
1.154000000000000909e+03
1.155000000000000000e+03
1.156000000000000227e+03
1.157000000000001364e+03
1.158000000000000000e+03
1.159000000000001819e+03
1.159999999999999773e+03
1.161000000000000455e+03
1.161999999999999091e+03
1.162999999999999318e+03
1.164000000000000682e+03
1.164999999999999091e+03
1.165999999999999091e+03
1.167000000000000000e+03
1.168000000000000682e+03
1.168999999999999545e+03
1.170000000000000682e+03
1.170999999999999318e+03
1.172000000000000227e+03
1.173000000000002274e+03
1.174000000000000455e+03
1.175000000000000455e+03
1.176000000000000909e+03
1.177000000000000227e+03
1.178000000000000227e+03
1.179000000000001592e+03
1.180000000000000909e+03
1.180999999999998408e+03
1.182000000000000455e+03
1.183000000000003183e+03
1.184000000000000909e+03
1.185000000000000000e+03
1.186000000000000000e+03
1.186999999999999773e+03
1.187999999999999545e+03
1.188999999999999545e+03
1.190000000000002956e+03
1.190999999999999773e+03
1.191999999999999545e+03
1.192999999999999318e+03
1.194000000000000455e+03
1.194999999999999545e+03
1.196000000000000682e+03
1.197000000000000000e+03
1.198000000000000000e+03
1.198999999999997044e+03
1.200000000000000455e+03
1.201000000000000227e+03
1.201999999999997726e+03
1.203000000000000455e+03
1.203999999999999091e+03
1.204999999999999318e+03
1.206000000000000455e+03
1.207000000000000455e+03
1.208000000000000909e+03
1.208999999999997044e+03
1.210000000000000682e+03
1.211000000000000909e+03
1.211999999999999773e+03
1.213000000000000227e+03
1.214000000000000909e+03
1.215000000000000227e+03
1.215999999999999318e+03
1.216999999999999773e+03
1.217999999999999318e+03
1.219000000000000455e+03
1.220000000000000682e+03
1.221000000000000455e+03
1.222000000000000455e+03
1.223000000000000682e+03
1.223999999999999773e+03
1.224999999999999318e+03
1.226000000000001364e+03
1.227000000000001364e+03
1.228000000000000000e+03
1.228999999999996362e+03
1.230000000000000000e+03
1.231000000000000682e+03
1.231999999999999773e+03
1.233000000000000227e+03
1.233999999999999773e+03
1.235000000000000227e+03
1.236000000000000000e+03
1.236999999999999773e+03
1.237999999999999545e+03
1.239000000000000455e+03
1.239999999999999318e+03
1.241000000000002956e+03
1.242000000000000000e+03
1.243000000000000455e+03
1.244000000000000909e+03
1.245000000000001819e+03
1.246000000000000000e+03
1.247000000000000909e+03
1.247999999999999318e+03
1.248999999999999318e+03
1.249999999999999773e+03
1.251000000000000455e+03
1.251999999999999091e+03
1.252999999999997954e+03
1.254000000000000455e+03
1.254999999999999318e+03
1.256000000000003183e+03
1.257000000000000455e+03
1.258000000000000000e+03
1.259000000000002274e+03
1.260000000000000000e+03
1.261000000000002956e+03
1.262000000000000455e+03
1.263000000000000000e+03
1.263999999999999318e+03
1.265000000000000000e+03
1.266000000000001364e+03
1.266999999999999091e+03
1.267999999999999545e+03
1.269000000000000227e+03
1.269999999999999773e+03
1.271000000000000455e+03
1.272000000000000455e+03
1.273000000000000227e+03
1.273999999999997044e+03
1.274999999999999091e+03
1.276000000000000227e+03
1.277000000000003183e+03
1.278000000000000000e+03
1.278999999999999545e+03
1.279999999999999091e+03
1.280999999999999773e+03
1.282000000000000000e+03
1.282999999999999318e+03
1.283999999999999318e+03
1.285000000000001592e+03
1.286000000000000682e+03
1.286999999999999773e+03
1.287999999999999773e+03
1.288999999999999545e+03
1.290000000000000909e+03
1.290999999999999773e+03
1.292000000000001364e+03
1.292999999999999545e+03
1.294000000000001364e+03
1.295000000000001592e+03
1.295999999999996362e+03
1.297000000000000909e+03
1.298000000000000682e+03
1.298999999999999545e+03
1.300000000000000909e+03
1.301000000000000682e+03
1.302000000000000227e+03
1.303000000000002046e+03
1.304000000000003183e+03
1.305000000000000682e+03
1.305999999999997954e+03
1.307000000000003638e+03
1.308000000000001364e+03
1.309000000000000682e+03
1.310000000000002046e+03
1.311000000000000682e+03
1.312000000000002274e+03
1.312999999999999545e+03
1.314000000000001364e+03
1.315000000000003638e+03
1.315999999999999545e+03
1.317000000000000909e+03
1.318000000000002046e+03
1.319000000000000909e+03
1.320000000000000909e+03
1.321000000000003183e+03
1.321999999999997726e+03
1.323000000000001364e+03
1.323999999999999773e+03
1.324999999999999773e+03
1.326000000000002274e+03
1.327000000000000455e+03
1.327999999999999545e+03
1.329000000000000227e+03
1.329999999999999091e+03
1.330999999999999091e+03
1.331999999999999545e+03
1.332999999999999545e+03
1.334000000000002274e+03
1.335000000000000455e+03
1.335999999999999091e+03
1.337000000000000682e+03
1.337999999999999773e+03
1.339000000000000000e+03
1.339999999999999318e+03
1.341000000000000455e+03
1.341999999999999545e+03
1.343000000000000682e+03
1.343999999999999091e+03
1.344999999999999318e+03
1.345999999999999773e+03
1.347000000000000000e+03
1.347999999999999318e+03
1.349000000000000000e+03
1.350000000000000455e+03
1.350999999999999773e+03
1.351999999999999318e+03
1.352999999999999773e+03
1.354000000000002956e+03
1.354999999999999091e+03
1.356000000000000455e+03
1.357000000000000682e+03
1.357999999999999773e+03
1.358999999999998636e+03
1.360000000000000909e+03
1.360999999999999773e+03
1.361999999999998636e+03
1.362999999999999773e+03
1.364000000000000909e+03
1.365000000000000000e+03
1.366000000000000682e+03
1.367000000000000000e+03
1.368000000000002274e+03
1.369000000000001364e+03
1.370000000000000227e+03
1.371000000000000227e+03
1.371999999999999091e+03
1.372999999999999091e+03
1.373999999999999091e+03
1.374999999999999773e+03
1.375999999999999091e+03
1.377000000000003183e+03
1.378000000000000000e+03
1.378999999999998636e+03
1.379999999999999318e+03
1.380999999999999091e+03
1.381999999999998636e+03
1.383000000000001364e+03
1.383999999999999318e+03
1.385000000000003638e+03
1.386000000000000682e+03
1.387000000000000909e+03
1.388000000000000909e+03
1.389000000000002274e+03
1.390000000000000682e+03
1.391000000000003183e+03
1.392000000000000455e+03
1.392999999999999773e+03
1.394000000000001819e+03
1.395000000000000000e+03
1.395999999999999773e+03
1.396999999999997954e+03
1.397999999999999091e+03
1.399000000000000682e+03
1.399999999999999773e+03
1.401000000000001364e+03
1.402000000000000682e+03
1.403000000000000000e+03
1.404000000000002956e+03
1.405000000000002728e+03
1.405999999999999545e+03
1.406999999999999545e+03
1.408000000000000909e+03
1.409000000000000227e+03
1.409999999999999545e+03
1.410999999999999545e+03
1.411999999999999318e+03
1.413000000000000909e+03
1.413999999999999773e+03
1.414999999999999318e+03
1.416000000000000000e+03
1.416999999999999773e+03
1.418000000000000227e+03
1.418999999999999773e+03
1.419999999999999545e+03
1.421000000000000909e+03
1.421999999999999318e+03
1.422999999999999545e+03
1.424000000000000000e+03
1.425000000000000000e+03
1.426000000000000682e+03
1.427000000000001592e+03
1.428000000000001364e+03
1.429000000000000000e+03
1.429999999999997044e+03
1.431000000000000909e+03
1.432000000000000909e+03
1.433000000000000682e+03
1.434000000000001364e+03
1.435000000000000455e+03
1.436000000000000682e+03
1.437000000000000455e+03
1.438000000000000909e+03
1.439000000000000000e+03
1.439999999999997044e+03
1.441000000000000000e+03
1.442000000000000227e+03
1.443000000000000455e+03
1.443999999999999773e+03
1.445000000000001364e+03
1.446000000000000909e+03
1.447000000000000909e+03
1.448000000000000227e+03
1.448999999999999545e+03
1.449999999999999545e+03
1.450999999999999318e+03
1.452000000000000227e+03
1.453000000000000682e+03
1.454000000000000909e+03
1.455000000000000000e+03
1.456000000000001592e+03
1.457000000000000682e+03
1.458000000000000682e+03
1.459000000000000000e+03
1.459999999999999773e+03
1.460999999999999773e+03
1.462000000000000227e+03
1.463000000000000000e+03
1.463999999999999773e+03
1.465000000000001364e+03
1.466000000000002501e+03
1.466999999999999773e+03
1.468000000000000227e+03
1.468999999999999545e+03
1.469999999999998408e+03
1.470999999999999091e+03
1.472000000000000227e+03
1.473000000000000682e+03
1.474000000000000909e+03
1.475000000000000000e+03
1.475999999999999545e+03
1.476999999999999545e+03
1.477999999999999091e+03
1.479000000000002728e+03
1.479999999999999318e+03
1.481000000000001592e+03
1.481999999999999091e+03
1.482999999999999318e+03
1.483999999999999318e+03
1.485000000000000227e+03
1.486000000000001592e+03
1.487000000000002501e+03
1.488000000000000682e+03
1.488999999999999545e+03
1.489999999999999545e+03
1.491000000000002728e+03
1.491999999999999545e+03
1.493000000000002728e+03
1.494000000000000455e+03
1.495000000000000000e+03
1.496000000000000000e+03
1.496999999999999318e+03
1.498000000000000000e+03
1.499000000000002046e+03
1.499999999999999318e+03
1.500999999999999545e+03
1.502000000000000455e+03
1.502999999999999318e+03
1.504000000000001364e+03
1.505000000000000227e+03
1.505999999999999773e+03
1.507000000000000227e+03
1.507999999999999091e+03
1.508999999999999318e+03
1.510000000000000227e+03
1.511000000000001364e+03
1.512000000000000227e+03
1.512999999999999318e+03
1.514000000000000909e+03
1.515000000000000682e+03
1.515999999999999545e+03
1.516999999999999091e+03
1.518000000000003638e+03
1.519000000000002046e+03
1.519999999999999545e+03
1.520999999999999773e+03
1.521999999999999773e+03
1.523000000000002728e+03
1.523999999999999091e+03
1.524999999999999318e+03
1.526000000000002956e+03
1.527000000000000682e+03
1.528000000000001819e+03
1.529000000000000682e+03
1.530000000000000227e+03
1.530999999999999091e+03
1.532000000000001364e+03
1.533000000000000227e+03
1.534000000000000000e+03
1.535000000000000000e+03
1.535999999999999773e+03
1.537000000000002728e+03
1.538000000000000000e+03
1.539000000000000455e+03
1.540000000000001364e+03
1.541000000000000909e+03
1.541999999999999545e+03
1.543000000000000909e+03
1.544000000000000455e+03
1.545000000000000227e+03
1.546000000000000682e+03
1.547000000000000682e+03
1.547999999999999545e+03
1.549000000000001819e+03
1.550000000000000682e+03
1.551000000000000000e+03
1.552000000000000227e+03
1.553000000000002046e+03
1.554000000000000227e+03
1.555000000000000455e+03
1.555999999999999545e+03
1.557000000000002728e+03
1.557999999999999773e+03
1.559000000000002046e+03
1.559999999999997044e+03
1.560999999999999545e+03
1.562000000000000455e+03
1.562999999999999773e+03
1.564000000000000682e+03
1.565000000000000455e+03
1.565999999999997954e+03
1.567000000000000227e+03
1.568000000000000909e+03
1.568999999999999545e+03
1.570000000000002956e+03
1.570999999999999091e+03
1.572000000000002728e+03
1.573000000000000227e+03
1.574000000000000909e+03
1.575000000000000682e+03
1.575999999999999091e+03
1.577000000000001364e+03
1.577999999999999773e+03
1.579000000000000682e+03
1.579999999999999091e+03
1.581000000000000000e+03
1.582000000000002501e+03
1.582999999999999091e+03
1.584000000000000000e+03
1.585000000000001592e+03
1.585999999999999545e+03
1.587000000000000227e+03
1.588000000000000227e+03
1.589000000000000227e+03
1.590000000000000227e+03
1.590999999999999545e+03
1.591999999999999091e+03
1.592999999999999091e+03
1.593999999999999091e+03
1.595000000000003183e+03
1.596000000000000682e+03
1.597000000000000682e+03
1.598000000000000909e+03
1.599000000000001592e+03
1.599999999999999545e+03
1.601000000000003183e+03
1.602000000000000909e+03
1.603000000000000227e+03
1.604000000000001592e+03
1.604999999999998181e+03
1.605999999999999545e+03
1.606999999999997726e+03
1.608000000000000227e+03
1.608999999999999091e+03
1.610000000000000227e+03
1.610999999999997272e+03
1.612000000000001364e+03
1.613000000000000227e+03
1.613999999999999773e+03
1.615000000000000000e+03
1.616000000000000682e+03
1.617000000000000682e+03
1.618000000000001364e+03
1.618999999999999545e+03
1.619999999999999545e+03
1.621000000000000000e+03
1.622000000000000000e+03
1.623000000000000455e+03
1.624000000000001364e+03
1.625000000000003183e+03
1.625999999999999773e+03
1.627000000000001819e+03
1.627999999999998636e+03
1.629000000000001364e+03
1.629999999999999773e+03
1.631000000000002501e+03
1.631999999999999773e+03
1.633000000000000455e+03
1.633999999999999773e+03
1.634999999999997726e+03
1.636000000000000909e+03
1.636999999999999091e+03
1.638000000000000000e+03
1.639000000000000682e+03
1.640000000000000000e+03
1.640999999999999545e+03
1.642000000000000682e+03
1.643000000000002728e+03
1.644000000000000909e+03
1.644999999999998181e+03
1.645999999999999773e+03
1.646999999999997272e+03
1.647999999999999773e+03
1.649000000000000682e+03
1.650000000000000455e+03
1.651000000000000000e+03
1.651999999999999091e+03
1.652999999999999318e+03
1.654000000000001364e+03
1.655000000000001364e+03
1.656000000000000682e+03
1.657000000000000909e+03
1.658000000000000909e+03
1.659000000000000455e+03
1.660000000000000682e+03
1.660999999999999545e+03
1.662000000000002501e+03
1.662999999999999091e+03
1.663999999999999773e+03
1.665000000000000909e+03
1.666000000000000227e+03
1.666999999999999773e+03
1.668000000000002501e+03
1.669000000000000682e+03
1.670000000000000909e+03
1.671000000000000455e+03
1.672000000000000000e+03
1.672999999999999773e+03
1.673999999999999773e+03
1.674999999999999318e+03
1.676000000000000682e+03
1.677000000000000455e+03
1.678000000000000227e+03
1.679000000000000682e+03
1.679999999999997954e+03
1.680999999999999318e+03
1.682000000000000909e+03
1.683000000000000000e+03
1.684000000000000455e+03
1.685000000000000682e+03
1.685999999999999318e+03
1.687000000000000909e+03
1.688000000000000227e+03
1.689000000000000000e+03
1.689999999999999318e+03
1.691000000000000909e+03
1.692000000000000227e+03
1.693000000000001364e+03
1.693999999999999773e+03
1.695000000000002728e+03
1.696000000000001364e+03
1.697000000000000455e+03
1.698000000000001592e+03
1.698999999999999318e+03
1.700000000000000682e+03
1.700999999999999091e+03
1.702000000000000227e+03
1.703000000000000455e+03
1.703999999999997954e+03
1.704999999999999091e+03
1.706000000000000000e+03
1.707000000000002728e+03
1.707999999999999091e+03
1.709000000000000227e+03
1.710000000000000227e+03
1.711000000000002274e+03
1.712000000000000909e+03
1.713000000000000682e+03
1.713999999999998636e+03
1.715000000000001819e+03
1.716000000000000000e+03
1.716999999999999318e+03
1.718000000000000227e+03
1.718999999999997954e+03
1.720000000000001364e+03
1.721000000000001364e+03
1.721999999999999091e+03
1.723000000000000455e+03
1.724000000000000455e+03
1.725000000000001592e+03
1.726000000000000000e+03
1.727000000000002956e+03
1.727999999999999318e+03
1.728999999999997272e+03
1.730000000000000227e+03
1.731000000000001592e+03
1.732000000000000682e+03
1.732999999999999545e+03
1.734000000000000455e+03
1.734999999999999318e+03
1.735999999999999773e+03
1.737000000000002956e+03
1.738000000000000682e+03
1.738999999999999318e+03
1.740000000000000000e+03
1.741000000000001364e+03
1.742000000000001819e+03
1.743000000000000000e+03
1.744000000000000000e+03
1.745000000000002728e+03
1.746000000000000455e+03
1.746999999999997954e+03
1.748000000000002274e+03
1.749000000000000455e+03
1.750000000000000682e+03
1.751000000000002956e+03
1.752000000000000455e+03
1.753000000000002956e+03
1.754000000000000227e+03
1.755000000000000227e+03
1.756000000000001364e+03
1.757000000000000682e+03
1.758000000000002728e+03
1.759000000000000682e+03
1.759999999999997954e+03
1.761000000000000000e+03
1.761999999999999318e+03
1.763000000000000909e+03
1.764000000000000455e+03
1.764999999999999545e+03
1.766000000000000909e+03
1.767000000000000455e+03
1.767999999999998408e+03
1.768999999999999773e+03
1.769999999999999318e+03
1.771000000000000909e+03
1.772000000000002501e+03
1.773000000000000000e+03
1.773999999999998181e+03
1.774999999999999773e+03
1.776000000000001592e+03
1.776999999999999318e+03
1.778000000000002501e+03
1.779000000000000000e+03
1.780000000000000909e+03
1.781000000000000227e+03
1.782000000000001364e+03
1.782999999999999545e+03
1.784000000000000227e+03
1.785000000000001364e+03
1.786000000000000455e+03
1.787000000000000909e+03
1.788000000000003638e+03
1.788999999999999091e+03
1.789999999999998636e+03
1.791000000000002956e+03
1.791999999999999318e+03
1.793000000000000455e+03
1.794000000000001364e+03
1.795000000000000227e+03
1.796000000000000227e+03
1.796999999999997726e+03
1.798000000000001364e+03
1.798999999999999773e+03
1.800000000000002046e+03
