1.994289764255886510e+01
1.986568259540806380e+01
1.978917525063113558e+01
1.971336528611113081e+01
1.963824258561257352e+01
1.956379723358418232e+01
1.949001951011850053e+01
1.941689988606576733e+01
1.934442901829431349e+01
1.927259774509308343e+01
1.920139708171283743e+01
1.913081821603713450e+01
1.906085250438401602e+01
1.899149146742966110e+01
1.892272678625021598e+01
1.885455029848105113e+01
1.878695399458551663e+01
1.871993001423199132e+01
1.865347064277300504e+01
1.858756830782780156e+01
1.852221557595882473e+01
1.845740514944290211e+01
1.839312986313457898e+01
1.832938268141442606e+01
1.826615669522489682e+01
1.820344511918582597e+01
1.814124128879067044e+01
1.807953865767988333e+01
1.801833079498736723e+01
1.795761138275966218e+01
1.789737421344526425e+01
1.783761318745027324e+01
1.777832231076090252e+01
1.771949569262730506e+01
1.766112754331140167e+01
1.760321217189145315e+01
1.754574398412585268e+01
1.748871748037285201e+01
1.743212725356321258e+01
1.737596798722657354e+01
1.732023445356791669e+01
1.726492151159391497e+01
1.721002410528645754e+01
1.715553726182362482e+01
1.710145608984470655e+01
1.704777577775967501e+01
1.699449159210033500e+01
1.694159887591375835e+01
1.688909304719440740e+01
1.683696959735623011e+01
1.678522408974137647e+01
1.673385215816634286e+01
1.668284950550376422e+01
1.663221190229706892e+01
1.658193518541165901e+01
1.653201525671561711e+01
1.648244808179374488e+01
1.643322968869254197e+01
1.638435616669387329e+01
1.633582366511913264e+01
1.628762839216057401e+01
1.623976661374048192e+01
1.619223465239769411e+01
1.614502888619897547e+01
1.609814574767656836e+01
1.605158172278987649e+01
1.600533334991170165e+01
1.595939721883651075e+01
1.591376996981302483e+01
1.586844829259724676e+01
1.582342892552838975e+01
1.577870865462429961e+01
1.573428431269860184e+01
1.569015277849651113e+01
1.564631097585053610e+01
1.560275587285474685e+01
1.555948448105750970e+01
1.551649385467201725e+01
1.547378108980353417e+01
1.543134332369485406e+01
1.538917773398686251e+01
1.534728153799593287e+01
1.530565199200713167e+01
1.526428639058153891e+01
1.522318206588028389e+01
1.518233638700082366e+01
1.514174675932951430e+01
1.510141062390639632e+01
1.506132545680405244e+01
1.502148876851960679e+01
1.498189810337927774e+01
1.494255103895546988e+01
1.490344518549621355e+01
1.486457818536578124e+01
1.482594771249805099e+01
1.478755147185978380e+01
1.474938719892605121e+01
1.471145265916566736e+01
1.467374564753753496e+01
1.463626398799717876e+01
1.459900553301292803e+01
1.456196816309220310e+01
1.452514978631759313e+01
1.448854833789109975e+01
1.445216177968903182e+01
1.441598809982454021e+01
1.438002531221935065e+01
1.434427145618387733e+01
1.430872459600572988e+01
1.427338282054594565e+01
1.423824424284326895e+01
1.420330699972657840e+01
1.416856925143407153e+01
1.413402918124040397e+01
1.409968499509074036e+01
1.406553492124199067e+01
1.403157720991086421e+01
1.399781013292840015e+01
1.396423198340174032e+01
1.393084107538130567e+01
1.389763574353538544e+01
1.386461434282993821e+01
1.383177524821481619e+01
1.379911685431602208e+01
1.376663757513328790e+01
1.373433584374352279e+01
1.370221011200969130e+01
1.367025885029522136e+01
1.363848054718349267e+01
1.360687370920234507e+01
1.357543686055408827e+01
1.354416854284985305e+01
1.351306731484941359e+01
1.348213175220493198e+01
1.345136044721027879e+01
1.342075200855383521e+01
1.339030506107667762e+01
1.336001824553434858e+01
1.332989021836341514e+01
1.329991965145199195e+01
1.327010523191384550e+01
1.324044566186745620e+01
1.321093965821827609e+01
1.318158595244475073e+01
1.315238329038874809e+01
1.312333043204860061e+01
1.309442615137702859e+01
1.306566923608145814e+01
1.303705848742824180e+01
1.300859272005053668e+01
1.298027076175869432e+01
1.295209145335502754e+01
1.292405364845034299e+01
1.289615621328512063e+01
1.286839802655222087e+01
1.284077797922410014e+01
1.281329497438139242e+01
1.278594792704588912e+01
1.275873576401489728e+01
1.273165742369974573e+01
1.270471185596568198e+01
1.267789802197538940e+01
1.265121489403478350e+01
1.262466145544119911e+01
1.259823670033406628e+01
1.257193963354854027e+01
1.254576927047096824e+01
1.251972463689696191e+01
1.249380476889148284e+01
1.246800871265203625e+01
1.244233552437296630e+01
1.241678427011278352e+01
1.239135402566311228e+01
1.236604387642009151e+01
1.234085291725784295e+01
1.231578025240351337e+01
1.229082499531472195e+01
1.226598626855900243e+01
1.224126320369478549e+01
1.221665494115455175e+01
1.219216063012982509e+01
1.216777942845777893e+01
1.214351050250973785e+01
1.211935302708142359e+01
1.209530618528506452e+01
1.207136916844269692e+01
1.204754117598170460e+01
1.202382141533155924e+01
1.200020910182240996e+01
1.197670345858510110e+01
1.195330371645255951e+01
1.193000911386321228e+01
1.190681889676505101e+01
1.188373231852224343e+01
1.186074863982202210e+01
1.183786712858382195e+01
1.181508705986919594e+01
1.179240771579381430e+01
1.176982838543993637e+01
1.174734836477067468e+01
1.172496695654566778e+01
1.170268347023743694e+01
1.168049722194975715e+01
1.165840753433639421e+01
1.163641373652186140e+01
1.161451516402273398e+01
1.159271115867034219e+01
1.157100106853462762e+01
1.154938424784904960e+01
1.152786005693679705e+01
1.150642786213750668e+01
1.148508703573587120e+01
1.146383695589039498e+01
1.144267700656392961e+01
1.142160657745490582e+01
1.140062506392923503e+01
1.137973186695384342e+01
1.135892639303063945e+01
1.133820805413149735e+01
1.131757626763446112e+01
1.129703045626045466e+01
1.127657004801133311e+01
1.125619447610817581e+01
1.123590317893122759e+01
1.121569559995988641e+01
1.119557118771436599e+01
1.117552939569724835e+01
1.115556968233671142e+01
1.113569151093000187e+01
1.111589434958786526e+01
1.109617767117976861e+01
1.107654095327981913e+01
1.105698367811344518e+01
1.103750533250497590e+01
1.101810540782541636e+01
1.099878339994169885e+01
1.097953880916596781e+01
1.096037114020596981e+01
1.094127990211581469e+01
1.092226460824761602e+01
1.090332477620382257e+01
1.088445992778992277e+01
1.086566958896803214e+01
1.084695328981095130e+01
1.082831056445696127e+01
1.080974095106519073e+01
1.079124399177150551e+01
1.077281923264502872e+01
1.075446622364524529e+01
1.073618451857968026e+01
1.071797367506207088e+01
1.069983325447122802e+01
1.068176282191029713e+01
1.066376194616654161e+01
1.064583019967184363e+01
1.062796715846352136e+01
1.061017240214566648e+01
1.059244551385112310e+01
1.057478608020390531e+01
1.055719369128191332e+01
1.053966794058047718e+01
1.052220842497604636e+01
1.050481474469058618e+01
1.048748650325619813e+01
1.047022330748036723e+01
1.045302476741164988e+01
1.043589049630571175e+01
1.041882011059183810e+01
1.040181322983977452e+01
1.038486947672729777e+01
1.036798847700775639e+01
1.035116985947821000e+01
1.033441325594829330e+01
1.031771830120877098e+01
1.030108463300118338e+01
1.028451189198754712e+01
1.026799972172016595e+01
1.025154776861251804e+01
1.023515568190976843e+01
1.021882311366015372e+01
1.020254971868642535e+01
1.018633515455778848e+01
1.017017908156229034e+01
1.015408116267912497e+01
1.013804106355175705e+01
1.012205845246111124e+01
1.010613300029928396e+01
1.009026438054310937e+01
1.007445226922882853e+01
1.005869634492615639e+01
1.004299628871350869e+01
1.002735178415283279e+01
1.001176251726526800e+01
9.996228176506713581e+00
9.980748452743963384e+00
9.965323039230939983e+00
9.949951631585387091e+00
9.934633927765476713e+00
9.919369628047281395e+00
9.904158435002072380e+00
9.889000053473766982e+00
9.873894190557274797e+00
9.858840555576353637e+00
9.843838860062264828e+00
9.828888817732298833e+00
9.813990144469046939e+00
9.799142558299214656e+00
9.784345779373406771e+00
9.769599529945589111e+00
9.754903534353033479e+00
9.740257518996633834e+00
9.725661212321103477e+00
9.711114344795671371e+00
9.696616648894849533e+00
9.682167859079592986e+00
9.667767711778459727e+00
9.653415945369093976e+00
9.639112300160045166e+00
9.624856518372492786e+00
9.610648344122466824e+00
9.596487523403130382e+00
9.582373804067271905e+00
9.568306935810067415e+00
9.554286670151885374e+00
9.540312760421469918e+00
9.526384961739193358e+00
9.512503031000465015e+00
9.498666726859555709e+00
9.484875809713207317e+00
9.471130041684860501e+00
9.457429186608676375e+00
9.443773010014073321e+00
9.430161279110166106e+00
9.416593762770460785e+00
9.403070231517794753e+00
9.389590457509402910e+00
9.376154214522106400e+00
9.362761277937634574e+00
9.349411424728259590e+00
9.336104433442388384e+00
9.322840084190502807e+00
9.309618158631090878e+00
9.296438439956956401e+00
9.283300712881187522e+00
9.270204763624089850e+00
9.257150379899293569e+00
9.244137350900903272e+00
9.231165467290070481e+00
9.218234521182310459e+00
9.205344306134437105e+00
9.192494617131965029e+00
9.179685250576586242e+00
9.166916004273616636e+00
9.154186677419797746e+00
9.141497070591235286e+00
9.128846985731074781e+00
9.116236226137898413e+00
9.103664596453752367e+00
9.091131902652566765e+00
9.078637952028589808e+00
9.066182553185003101e+00
9.053765516022558302e+00
9.041386651728590351e+00
9.029045772765643463e+00
9.016742692860812980e+00
9.004477226994826111e+00
8.992249191391213259e+00
8.980058403505852382e+00
8.967904682016389017e+00
8.955787846811949393e+00
8.943707718982638610e+00
8.931664120809667651e+00
8.919656875754949255e+00
8.907685808451393683e+00
8.895750744693007306e+00
8.883851511424952108e+00
8.871987936734079483e+00
8.860159849839210011e+00
8.848367081081816465e+00
8.836609461916493657e+00
8.824886824901762239e+00
8.813199003690968425e+00
8.801545833022917265e+00
8.789927148713234217e+00
8.778342787645149414e+00
8.766792587760813049e+00
8.755276388052564585e+00
8.743794028554290776e+00
8.732345350332808565e+00
8.720930195479397184e+00
8.709548407101539880e+00
8.698199829314351206e+00
8.686884307232640268e+00
8.675601686962632897e+00
8.664351815593855477e+00
8.653134541191235485e+00
8.641949712787191373e+00
8.630797180373789956e+00
8.619676794894980176e+00
8.608588408238899703e+00
8.597531873230421340e+00
8.586507043623360147e+00
8.575513774093332486e+00
8.564551920230101700e+00
8.553621338530414064e+00
8.542721886390785002e+00
8.531853422100258655e+00
8.521015804833284690e+00
8.510208894642820709e+00
8.499432552453244583e+00
8.488686640053536792e+00
8.477971020090350862e+00
8.467285556061369789e+00
8.456630112308555880e+00
8.446004554011485865e+00
8.435408747180845879e+00
8.424842558651889135e+00
8.414305856077898937e+00
8.403798507924001626e+00
8.393320383460684653e+00
8.382871352757511829e+00
8.372451286677067728e+00
8.362060056868692470e+00
8.351697535762383495e+00
8.341363596562846539e+00
8.331058113243409835e+00
8.320780960540250959e+00
8.310532013946309249e+00
8.300311149705708047e+00
8.290118244807903380e+00
8.279953176981933893e+00
8.269815824690775585e+00
8.259706067125865303e+00
8.249623784201396859e+00
8.239568856548929787e+00
8.229541165511930600e+00
8.219540593140253648e+00
8.209567022185039420e+00
8.199620336093223827e+00
8.189700419002292620e+00
8.179807155735190349e+00
8.169940431795136959e+00
8.160100133360437269e+00
8.150286147279526716e+00
8.140498361065905186e+00
8.130736662893200517e+00
8.121000941590198252e+00
8.111291086635970871e+00
8.101606988155126032e+00
8.091948536912914491e+00
8.082315624310549396e+00
8.072708142380466967e+00
8.063125983781636918e+00
8.053569041795064720e+00
8.044037210319020303e+00
8.034530383864710856e+00
8.025048457551607228e+00
8.015591327103052777e+00
8.006158888841923726e+00
7.996751039686095908e+00
7.987367677144220579e+00
7.978008699311395446e+00
7.968674004864856997e+00
7.959363493059843364e+00
7.950077063725272453e+00
7.940814617259748687e+00
7.931576054627299754e+00
7.922361277353433096e+00
7.913170187520940146e+00
7.904002687766032764e+00
7.894858681274305567e+00
7.885738071776748015e+00
7.876640763545916357e+00
7.867566661392043414e+00
7.858515670659205199e+00
7.849487697221443128e+00
7.840482647479097622e+00
7.831500428355059995e+00
7.822540947290953284e+00
7.813604112243545785e+00
7.804689831681178802e+00
7.795798014579984780e+00
7.786928570420418083e+00
7.778081409183688066e+00
7.769256441348229458e+00
7.760453577886195831e+00
7.751672730260050770e+00
7.742913810419091547e+00
7.734176730795995880e+00
7.725461404303628044e+00
7.716767744331475498e+00
7.708095664742479869e+00
7.699445079869692066e+00
7.690815904513042867e+00
7.682208053936056658e+00
7.673621443862677083e+00
7.665055990474140657e+00
7.656511610405729584e+00
7.647988220743659582e+00
7.639485739022086719e+00
7.631004083219870893e+00
7.622543171757673264e+00
7.614102923494844077e+00
7.605683257726447266e+00
7.597284094180295710e+00
7.588905353014007815e+00
7.580546954812067639e+00
7.572208820582888578e+00
7.563890871756038692e+00
7.555593030179291958e+00
7.547315218115844715e+00
7.539057358241480600e+00
7.530819373641833181e+00
7.522601187809579315e+00
7.514402724641714215e+00
7.506223908436854941e+00
7.498064663892511916e+00
7.489924916102484787e+00
7.481804590554093082e+00
7.473703613125691092e+00
7.465621910083955370e+00
7.457559408081333885e+00
7.449516034153482735e+00
7.441491715716717081e+00
7.433486380565526019e+00
7.425499956869991536e+00
7.417532373173347793e+00
7.409583558389524427e+00
7.401653441800716493e+00
7.393741953054908222e+00
7.385849022163512245e+00
7.377974579498960850e+00
7.370118555792355863e+00
7.362280882131093662e+00
7.354461489956580778e+00
7.346660311061883775e+00
7.338877277589455517e+00
7.331112322028818795e+00
7.323365377214402727e+00
7.315636376323224610e+00
7.307925252872673028e+00
7.300231940718330037e+00
7.292556374051764934e+00
7.284898487398439926e+00
7.277258215615402648e+00
7.269635493889309075e+00
7.262030257734204852e+00
7.254442442989475381e+00
7.246871985817742612e+00
7.239318822702751177e+00
7.231782890447437495e+00
7.224264126171735967e+00
7.216762467310687157e+00
7.209277851612315047e+00
7.201810217135788506e+00
7.194359502249261240e+00
7.186925645628068793e+00
7.179508586252691060e+00
7.172108263406883566e+00
7.164724616675709257e+00
7.157357585943650236e+00
7.150007111392753245e+00
7.142673133500702320e+00
7.135355593039044209e+00
7.128054431071237929e+00
7.120769588950935258e+00
7.113501008320072927e+00
7.106248631107130009e+00
7.099012399525328476e+00
7.091792256070812428e+00
7.084588143520965886e+00
7.077400004932615118e+00
7.070227783640316233e+00
7.063071423254564607e+00
7.055930867660210382e+00
7.048806061014653679e+00
7.041696947746203250e+00
7.034603472552454662e+00
7.027525580398515714e+00
7.020463216515485882e+00
7.013416326398706602e+00
7.006384855806251366e+00
6.999368750757235524e+00
6.992367957530276179e+00
6.985382422661835733e+00
6.978412092944729750e+00
6.971456915426502476e+00
6.964516837407921379e+00
6.957591806441396187e+00
6.950681770329481424e+00
6.943786677123361173e+00
6.936906475121325855e+00
6.930041112867301401e+00
6.923190539149298495e+00
6.916354702998056325e+00
6.909533553685492713e+00
6.902727040723267926e+00
6.895935113861376919e+00
6.889157723086650087e+00
6.882394818621457411e+00
6.875646350922152372e+00
6.868912270677787646e+00
6.862192528808652270e+00
6.855487076464958918e+00
6.848795865025381957e+00
6.842118846095831763e+00
6.835455971507963469e+00
6.828807193317938840e+00
6.822172463805058484e+00
6.815551735470426031e+00
6.808944961035696686e+00
6.802352093441691672e+00
6.795773085847201855e+00
6.789207891627575542e+00
6.782656464373589600e+00
6.776118757890120747e+00
6.769594726194841705e+00
6.763084323517063901e+00
6.756587504296426516e+00
6.750104223181706331e+00
6.743634435029606244e+00
6.737178094903515380e+00
6.730735158072307378e+00
6.724305580009170669e+00
6.717889316390401433e+00
6.711486323094231210e+00
6.705096556199671376e+00
6.698719971985303445e+00
6.692356526928198157e+00
6.686006177702718212e+00
6.679668881179411599e+00
6.673344594423830323e+00
6.667033274695507217e+00
6.660734879446712497e+00
6.654449366321472326e+00
6.648176693154380423e+00
6.641916817969567788e+00
6.635669698979599573e+00
6.629435294584358651e+00
6.623213563370061507e+00
6.617004464108108941e+00
6.610807955754131271e+00
6.604623997446807948e+00
6.598452548506982041e+00
6.592293568436519813e+00
6.586147016917323960e+00
6.580012853810331741e+00
6.573891039154434957e+00
6.567781533165600649e+00
6.561684296235735125e+00
6.555599288931806434e+00
6.549526471994798982e+00
6.543465806338756963e+00
6.537417253049787824e+00
6.531380773385169647e+00
6.525356328772295100e+00
6.519343880807828562e+00
6.513343391256654513e+00
6.507354822051040877e+00
6.501378135289627380e+00
6.495413293236548924e+00
6.489460258320482566e+00
6.483518993133794872e+00
6.477589460431560475e+00
6.471671623130713868e+00
6.465765444309147902e+00
6.459870887204785639e+00
6.453987915214740134e+00
6.448116491894467117e+00
6.442256580956805756e+00
6.436408146271187292e+00
6.430571151862765511e+00
6.424745561911506364e+00
6.418931340751415249e+00
6.413128452869678142e+00
6.407336862905789410e+00
6.401556535650765767e+00
6.395787436046267871e+00
6.390029529183834711e+00
6.384282780304051386e+00
6.378547154795732865e+00
6.372822618195096211e+00
6.367109136185026941e+00
6.361406674594216604e+00
6.355715199396438919e+00
6.350034676709726433e+00
6.344365072795569382e+00
6.338706354058200709e+00
6.333058487043825124e+00
6.327421438439801094e+00
6.321795175073930295e+00
6.316179663913661813e+00
6.310574872065428664e+00
6.304980766773829792e+00
6.299397315420877774e+00
6.293824485525350454e+00
6.288262244741975593e+00
6.282710560860783389e+00
6.277169401806286686e+00
6.271638735636920536e+00
6.266118530544144249e+00
6.260608754851880953e+00
6.255109377015771521e+00
6.249620365622441831e+00
6.244141689388897909e+00
6.238673317161732790e+00
6.233215217916511008e+00
6.227767360757083814e+00
6.222329714914899945e+00
6.216902249748324394e+00
6.211484934742029118e+00
6.206077739506256741e+00
6.200680633776192607e+00
6.195293587411359937e+00
6.189916570394889739e+00
6.184549552832913299e+00
6.179192504953958220e+00
6.173845397108234323e+00
6.168508199767085642e+00
6.163180883522262121e+00
6.157863419085416012e+00
6.152555777287364691e+00
6.147257929077562189e+00
6.141969845523427729e+00
6.136691497809757756e+00
6.131422857238124635e+00
6.126163895226287792e+00
6.120914583307570211e+00
6.115674893130258916e+00
6.110444796457037420e+00
6.105224265164419961e+00
6.100013271242077373e+00
6.094811786792395658e+00
6.089619784029746796e+00
6.084437235280064193e+00
6.079264112980165891e+00
6.074100389677226985e+00
6.068946038028220968e+00
6.063801030799376157e+00
6.058665340865577065e+00
6.053538941209845703e+00
6.048421804922823775e+00
6.043313905202124303e+00
6.038215215351912413e+00
6.033125708782303143e+00
6.028045359008814330e+00
6.022974139651858572e+00
6.017912024436246732e+00
6.012858987190599080e+00
6.007815001846855907e+00
6.002780042439763264e+00
5.997754083106379142e+00
5.992737098085468617e+00
5.987729061717113943e+00
5.982729948442143453e+00
5.977739732801627959e+00
5.972758389436402915e+00
5.967785893086547055e+00
5.962822218590924095e+00
5.957867340886645380e+00
5.952921235008626688e+00
5.947983876089066868e+00
5.943055239357001085e+00
5.938135300137790118e+00
5.933224033852644297e+00
5.928321416018200729e+00
5.923427422245968188e+00
5.918542028241917663e+00
5.913665209806039158e+00
5.908796942831792798e+00
5.903937203305750003e+00
5.899085967307049039e+00
5.894243211007010430e+00
5.889408910668628039e+00
5.884583042646164053e+00
5.879765583384695127e+00
5.874956509419638095e+00
5.870155797376356510e+00
5.865363423969658818e+00
5.860579366003465296e+00
5.855803600370241391e+00
5.851036104050688635e+00
5.846276854113242827e+00
5.841525827713673458e+00
5.836783002094661832e+00
5.832048354585376515e+00
5.827321862601066549e+00
5.822603503642622691e+00
5.817893255296182176e+00
5.813191095232705052e+00
5.808497001207602928e+00
5.803810951060269119e+00
5.799132922713734040e+00
5.794462894174240652e+00
5.789800843530842123e+00
5.785146748954997697e+00
5.780500588700213882e+00
5.775862341101592357e+00
5.771231984575528884e+00
5.766609497619235469e+00
5.761994858810398412e+00
5.757388046806809712e+00
5.752789040345936300e+00
5.748197818244605628e+00
5.743614359398576674e+00
5.739038642782197108e+00
5.734470647448001834e+00
5.729910352526387918e+00
5.725357737225198917e+00
5.720812780829401589e+00
5.716275462700671994e+00
5.711745762277075755e+00
5.707223659072719002e+00
5.702709132677335369e+00
5.698202162755983124e+00
5.693702729048673028e+00
5.689210811370004173e+00
5.684726389608830921e+00
5.680249443727940495e+00
5.675779953763616881e+00
5.671317899825425890e+00
5.666863262095755971e+00
5.662416020829581953e+00
5.657976156354022734e+00
5.653543649068105026e+00
5.649118479442337915e+00
5.644700628018481048e+00
5.640290075409100545e+00
5.635886802297348730e+00
5.631490789436549349e+00
5.627102017649961319e+00
5.622720467830367497e+00
5.618346120939812671e+00
5.613978958009258058e+00
5.609618960138278432e+00
5.605266108494729949e+00
5.600920384314467704e+00
5.596581768900988685e+00
5.592250243625167982e+00
5.587925789924918618e+00
5.583608389304874464e+00
5.579298023336149548e+00
5.574994673655941924e+00
5.570698321967307187e+00
5.566408950038833403e+00
5.562126539704324912e+00
5.557851072862526109e+00
5.553582531476839002e+00
5.549320897574985700e+00
5.545066153248757068e+00
5.540818280653713401e+00
5.536577262008869127e+00
5.532343079596456548e+00
5.528115715761577675e+00
5.523895152911983963e+00
5.519681373517751233e+00
5.515474360111011443e+00
5.511274095285672914e+00
5.507080561697128118e+00
5.502893742062036075e+00
5.498713619157950205e+00
5.494540175823130923e+00
5.490373394956244546e+00
5.486213259516055984e+00
5.482059752521232454e+00
5.477912857050008633e+00
5.473772556239978826e+00
5.469638833287770119e+00
5.465511671448838094e+00
5.461391054037167514e+00
5.457276964425016530e+00
5.453169386042689304e+00
5.449068302378233142e+00
5.444973696977206679e+00
5.440885553442431188e+00
5.436803855433730348e+00
5.432728586667662896e+00
5.428659730917287263e+00
5.424597272011927096e+00
5.420541193836893257e+00
5.416491480333247566e+00
5.412448115497572765e+00
5.408411083381714946e+00
5.404380368092517095e+00
5.400355953791652119e+00
5.396337824695289775e+00
5.392325965073931471e+00
5.388320359252109171e+00
5.384320991608218421e+00
5.380327846574240347e+00
5.376340908635494742e+00
5.372360162330455324e+00
5.368385592250462857e+00
5.364417183039552839e+00
5.360454919394186390e+00
5.356498786063021100e+00
5.352548767846712074e+00
5.348604849597671240e+00
5.344667016219831090e+00
5.340735252668448396e+00
5.336809543949859957e+00
5.332889875121276546e+00
5.328976231290557308e+00
5.325068597615983279e+00
5.321166959306046884e+00
5.317271301619263646e+00
5.313381609863890631e+00
5.309497869397792336e+00
5.305620065628160908e+00
5.301748184011350951e+00
5.297882210052637930e+00
5.294022129306026336e+00
5.290167927374046286e+00
5.286319589907508387e+00
5.282477102605365182e+00
5.278640451214442919e+00
5.274809621529260362e+00
5.270984599391842274e+00
5.267165370691484050e+00
5.263351921364584740e+00
5.259544237394424115e+00
5.255742304810984145e+00
5.251946109690708298e+00
5.248155638156363878e+00
5.244370876376819979e+00
5.240591810566820996e+00
5.236818426986852515e+00
5.233050711942901501e+00
5.229288651786283992e+00
5.225532232913458586e+00
5.221781441765818599e+00
5.218036264829525095e+00
5.214296688635313259e+00
5.210562699758278349e+00
5.206834284817729142e+00
5.203111430476992538e+00
5.199394123443194182e+00
5.195682350467141219e+00
5.191976098343064727e+00
5.188275353908509580e+00
5.184580104044103521e+00
5.180890335673400848e+00
5.177206035762688785e+00
5.173527191320826724e+00
5.169853789399072141e+00
5.166185817090868326e+00
5.162523261531729801e+00
5.158866109899001628e+00
5.155214349411733288e+00
5.151567967330503706e+00
5.147926950957208980e+00
5.144291287634953136e+00
5.140660964747810091e+00
5.137035969720731288e+00
5.133416290019295225e+00
5.129801913149620418e+00
5.126192826658128254e+00
5.122589018131429306e+00
5.118990475196123491e+00
5.115397185518663292e+00
5.111809136805187670e+00
5.108226316801320444e+00
5.104648713292069928e+00
5.101076314101613995e+00
5.097509107093188163e+00
5.093947080168876873e+00
5.090390221269493587e+00
5.086838518374406704e+00
5.083291959501395674e+00
5.079750532706464483e+00
5.076214226083727077e+00
5.072683027765222619e+00
5.069156925920783152e+00
5.065635908757848860e+00
5.062119964521350823e+00
5.058609081493555593e+00
5.055103247993883109e+00
5.051602452378788577e+00
5.048106683041614140e+00
5.044615928412402361e+00
5.041130176957792308e+00
5.037649417180852573e+00
5.034173637620949826e+00
5.030702826853557852e+00
5.027236973490176730e+00
5.023776066178158750e+00
5.020320093600533440e+00
5.016869044475916084e+00
5.013422907558348740e+00
5.009981671637156353e+00
5.006545325536779778e+00
5.003113858116692292e+00
4.999687258271193535e+00
4.996265514929340235e+00
4.992848617054752580e+00
4.989436553645504979e+00
4.986029313733973289e+00
4.982626886386727350e+00
4.979229260704348015e+00
4.975836425821342779e+00
4.972448370905965476e+00
4.969065085160146111e+00
4.965686557819277702e+00
4.962312778152134563e+00
4.958943735460752400e+00
4.955579419080255121e+00
4.952219818378745586e+00
4.948864922757178597e+00
4.945514721649235668e+00
4.942169204521182024e+00
4.938828360871739598e+00
4.935492180231997317e+00
4.932160652165218373e+00
4.928833766266763838e+00
4.925511512163946115e+00
4.922193879515933901e+00
4.918880858013578106e+00
4.915572437379331028e+00
4.912268607367103357e+00
4.908969357762141605e+00
4.905674678380910869e+00
4.902384559070983805e+00
4.899098989710896745e+00
4.895817960210048447e+00
4.892541460508581963e+00
4.889269480577229210e+00
4.886002010417249686e+00
4.882739040060275926e+00
4.879480559568196263e+00
4.876226559033066010e+00
4.872977028576928937e+00
4.869731958351790624e+00
4.866491338539435496e+00
4.863255159351322021e+00
4.860023411028493001e+00
4.856796083841458334e+00
4.853573168090045797e+00
4.850354654103326446e+00
4.847140532239497368e+00
4.843930792885755565e+00
4.840725426458198477e+00
4.837524423401709406e+00
4.834327774189850047e+00
4.831135469324743248e+00
4.827947499336975312e+00
4.824763854785480532e+00
4.821584526257423065e+00
4.818409504368132090e+00
4.815238779760938392e+00
4.812072343107103300e+00
4.808910185105683688e+00
4.805752296483481345e+00
4.802598667994879555e+00
4.799449290421759606e+00
4.796304154573412859e+00
4.793163251286411075e+00
4.790026571424523816e+00
4.786894105878599426e+00
4.783765845566478880e+00
4.780641781432876769e+00
4.777521904449305801e+00
4.774406205613934695e+00
4.771294675951545550e+00
4.768187306513368640e+00
4.765084088377039784e+00
4.761985012646473336e+00
4.758890070451748500e+00
4.755799252949055145e+00
4.752712551320575685e+00
4.749629956774346518e+00
4.746551460544239376e+00
4.743477053889804118e+00
4.740406728096205669e+00
4.737340474474100560e+00
4.734278284359571209e+00
4.731220149114024665e+00
4.728166060124058490e+00
4.725116008801446554e+00
4.722069986582964063e+00
4.719027984930352027e+00
4.715989995330187590e+00
4.712956009293814752e+00
4.709926018357255550e+00
4.706900014081092820e+00
4.703877988050408909e+00
4.700859931874665776e+00
4.697845837187646367e+00
4.694835695647364915e+00
4.691829498935917719e+00
4.688827238759477822e+00
4.685828906848160891e+00
4.682834494955937288e+00
4.679843994860561907e+00
4.676857398363466700e+00
4.673874697289696734e+00
4.670895883487794720e+00
4.667920948829747729e+00
4.664949885210878833e+00
4.661982684549780487e+00
4.659019338788199072e+00
4.656059839890976271e+00
4.653104179845956700e+00
4.650152350663920409e+00
4.647204344378464747e+00
4.644260153045945749e+00
4.641319768745391983e+00
4.638383183578437041e+00
4.635450389669201421e+00
4.632521379164231234e+00
4.629596144232429822e+00
4.626674677064948504e+00
4.623756969875145728e+00
4.620843014898451173e+00
4.617932804392352431e+00
4.615026330636244900e+00
4.612123585931421132e+00
4.609224562600938491e+00
4.606329252989556089e+00
4.603437649463696602e+00
4.600549744411307707e+00
4.597665530241800802e+00
4.594784999386017255e+00
4.591908144296091621e+00
4.589034957445422336e+00
4.586165431328550923e+00
4.583299558461142453e+00
4.580437331379862975e+00
4.577578742642305798e+00
4.574723784826971063e+00
4.571872450533102317e+00
4.569024732380705167e+00
4.566180623010404283e+00
4.563340115083408755e+00
4.560503201281422392e+00
4.557669874306565561e+00
4.554840126881327222e+00
4.552013951748477005e+00
4.549191341670971056e+00
4.546372289431929836e+00
4.543556787834525323e+00
4.540744829701931273e+00
4.537936407877241507e+00
4.535131515223413956e+00
4.532330144623168522e+00
4.529532288978971977e+00
4.526737941212906513e+00
4.523947094266641322e+00
4.521159741101360652e+00
4.518375874697680317e+00
4.515595488055585527e+00
4.512818574194362498e+00
4.510045126152537165e+00
4.507275136987799691e+00
4.504508599776936961e+00
4.501745507615776631e+00
4.498985853619110742e+00
4.496229630920634435e+00
4.493476832672859800e+00
4.490727452047096335e+00
4.487981482233330155e+00
4.485238916440210666e+00
4.482499747894931552e+00
4.479763969843222782e+00
4.477031575549240472e+00
4.474302558295541132e+00
4.471576911382965314e+00
4.468854628130634943e+00
4.466135701875855624e+00
4.463420125974055352e+00
4.460707893798725010e+00
4.457998998741360630e+00
4.455293434211404779e+00
4.452591193636158629e+00
4.449892270460757082e+00
4.447196658148079074e+00
4.444504350178714702e+00
4.441815340050848882e+00
4.439129621280281768e+00
4.436447187400301750e+00
4.433768031961645484e+00
4.431092148532446373e+00
4.428419530698184836e+00
4.425750172061588827e+00
4.423084066242605417e+00
4.420421206878347498e+00
4.417761587623023622e+00
4.415105202147858066e+00
4.412452044141084606e+00
4.409802107307827512e+00
4.407155385370093548e+00
4.404511872066700029e+00
4.401871561153195778e+00
4.399234446401834475e+00
4.396600521601492950e+00
4.393969780557640092e+00
4.391342217092256028e+00
4.388717825043798371e+00
4.386096598267119617e+00
4.383478530633451165e+00
4.380863616030292285e+00
4.378251848361415455e+00
4.375643221546765105e+00
4.373037729522417649e+00
4.370435366240549513e+00
4.367836125669355418e+00
4.365240001792977331e+00
4.362646988611516896e+00
4.360057080140912866e+00
4.357470270412920677e+00
4.354886553475058264e+00
4.352305923390542119e+00
4.349728374238249984e+00
4.347153900112658675e+00
4.344582495123784582e+00
4.342014153397141030e+00
4.339448869073694759e+00
4.336886636309801979e+00
4.334327449277147970e+00
4.331771302162727544e+00
4.329218189168752673e+00
4.326668104512646273e+00
4.324121042426946282e+00
4.321576997159293221e+00
4.319035962972359144e+00
4.316497934143796122e+00
4.313962904966207823e+00
4.311430869747074013e+00
4.308901822808711479e+00
4.306375758488228733e+00
4.303852671137483377e+00
4.301332555123012824e+00
4.298815404825995223e+00
4.296301214642210375e+00
4.293789978981974009e+00
4.291281692270121795e+00
4.288776348945912531e+00
4.286273943463013048e+00
4.283774470289464453e+00
4.281277923907593319e+00
4.278784298813999243e+00
4.276293589519490013e+00
4.273805790549037198e+00
4.271320896441749504e+00
4.268838901750786619e+00
4.266359801043351219e+00
4.263883588900627686e+00
4.261410259917726151e+00
4.258939808703661178e+00
4.256472229881290481e+00
4.254007518087263406e+00
4.251545667971988074e+00
4.249086674199576308e+00
4.246630531447828538e+00
4.244177234408144095e+00
4.241726777785503444e+00
4.239279156298425555e+00
4.236834364678911946e+00
4.234392397672411157e+00
4.231953250037772563e+00
4.229516916547209959e+00
4.227083391986237615e+00
4.224652671153649841e+00
4.222224748861467702e+00
4.219799619934900825e+00
4.217377279212300323e+00
4.214957721545110836e+00
4.212540941797843885e+00
4.210126934848029023e+00
4.207715695586156102e+00
4.205307218915664613e+00
4.202901499752867309e+00
4.200498533026940429e+00
4.198098313679857085e+00
4.195700836666365952e+00
4.193306096953942408e+00
4.190914089522740582e+00
4.188524809365556933e+00
4.186138251487792061e+00
4.183754410907427612e+00
4.181373282654944568e+00
4.178994861773314362e+00
4.176619143317959804e+00
4.174246122356699118e+00
4.171875793969721080e+00
4.169508153249531723e+00
4.167143195300921477e+00
4.164780915240942960e+00
4.162421308198839043e+00
4.160064369316023303e+00
4.157710093746050717e+00
4.155358476654547495e+00
4.153009513219218185e+00
4.150663198629752415e+00
4.148319528087847097e+00
4.145978496807114055e+00
4.143640100013083583e+00
4.141304332943135158e+00
4.138971190846479686e+00
4.136640668984121305e+00
4.134312762628798765e+00
4.131987467064995201e+00
4.129664777588834212e+00
4.127344689508118947e+00
4.125027198142219298e+00
4.122712298822095889e+00
4.120399986890229904e+00
4.118090257700610657e+00
4.115783106618663645e+00
4.113478529021261210e+00
4.111176520296650594e+00
4.108877075844430848e+00
4.106580191075508424e+00
4.104285861412091840e+00
4.101994082287612642e+00
4.099704849146728947e+00
4.097418157445267717e+00
4.095134002650188343e+00
4.092852380239566656e+00
4.090573285702540751e+00
4.088296714539296772e+00
4.086022662261012073e+00
4.083751124389831233e+00
4.081482096458837638e+00
4.079215574012021506e+00
4.076951552604216822e+00
4.074690027801118219e+00
4.072430995179195712e+00
4.070174450325692028e+00
4.067920388838588863e+00
4.065668806326554474e+00
4.063419698408929470e+00
4.061173060715690397e+00
4.058928888887415098e+00
4.056687178575231201e+00
4.054447925440817002e+00
4.052211125156352622e+00
4.049976773404486252e+00
4.047744865878293297e+00
4.045515398281261277e+00
4.043288366327268513e+00
4.041063765740510405e+00
4.038841592255494994e+00
4.036621841617022532e+00
4.034404509580132192e+00
4.032189591910080750e+00
4.029977084382301733e+00
4.027766982782384986e+00
4.025559282906052694e+00
4.023353980559110532e+00
4.021151071557415690e+00
4.018950551726868881e+00
4.016752416903365486e+00
4.014556662932762698e+00
4.012363285670864421e+00
4.010172280983381299e+00
4.007983644745893415e+00
4.005797372843843185e+00
4.003613461172473187e+00
4.001431905636833264e+00
3.999252702151716576e+00
3.997075846641651609e+00
3.994901335040865753e+00
3.992729163293262218e+00
3.990559327352362295e+00
3.988391823181331119e+00
3.986226646752895952e+00
3.984063794049337304e+00
3.981903261062474719e+00
3.979745043793608161e+00
3.977589138253511791e+00
3.975435540462401107e+00
3.973284246449897417e+00
3.971135252255010961e+00
3.968988553926099172e+00
3.966844147520847130e+00
3.964702029106236481e+00
3.962562194758531220e+00
3.960424640563212861e+00
3.958289362615008855e+00
3.956156357017803771e+00
3.954025619884667719e+00
3.951897147337777305e+00
3.949770935508435166e+00
3.947646980537016681e+00
3.945525278572934447e+00
3.943405825774648932e+00
3.941288618309595648e+00
3.939173652354185151e+00
3.937060924093779946e+00
3.934950429722658072e+00
3.932842165443966920e+00
3.930736127469751651e+00
3.928632312020858386e+00
3.926530715326981280e+00
3.924431333626568374e+00
3.922334163166847354e+00
3.920239200203765151e+00
3.918146441001983504e+00
3.916055881834848762e+00
3.913967518984350136e+00
3.911881348741125031e+00
3.909797367404393320e+00
3.907715571281975997e+00
3.905635956690240107e+00
3.903558519954071215e+00
3.901483257406876959e+00
3.899410165390530203e+00
3.897339240255360160e+00
3.895270478360132849e+00
3.893203876072005798e+00
3.891139429766527158e+00
3.889077135827595733e+00
3.887016990647436998e+00
3.884958990626589781e+00
3.882903132173867178e+00
3.880849411706341456e+00
3.878797825649330733e+00
3.876748370436342128e+00
3.874701042509084203e+00
3.872655838317418109e+00
3.870612754319343374e+00
3.868571786980970373e+00
3.866532932776514997e+00
3.864496188188247139e+00
3.862461549706478259e+00
3.860429013829543621e+00
3.858398577063774759e+00
3.856370235923477274e+00
3.854343986930905963e+00
3.852319826616245280e+00
3.850297751517578249e+00
3.848277758180874919e+00
3.846259843159952396e+00
3.844244003016487277e+00
3.842230234319943705e+00
3.840218533647585808e+00
3.838208897584451940e+00
3.836201322723314711e+00
3.834195805664682766e+00
3.832192343016750158e+00
3.830190931395400789e+00
3.828191567424171105e+00
3.826194247734236775e+00
3.824198968964377165e+00
3.822205727760970895e+00
3.820214520777962974e+00
3.818225344676846156e+00
3.816238196126633397e+00
3.814253071803846318e+00
3.812269968392487662e+00
3.810288882584024428e+00
3.808309811077355889e+00
3.806332750578812707e+00
3.804357697802106308e+00
3.802384649468338651e+00
3.800413602305956928e+00
3.798444553050742911e+00
3.796477498445805843e+00
3.794512435241522930e+00
3.792549360195561547e+00
3.790588270072840160e+00
3.788629161645492793e+00
3.786672031692870810e+00
3.784716877001522484e+00
3.782763694365155693e+00
3.780812480584632596e+00
3.778863232467933209e+00
3.776915946830158965e+00
3.774970620493484752e+00
3.773027250287166012e+00
3.771085833047504110e+00
3.769146365617820571e+00
3.767208844848454419e+00
3.765273267596720430e+00
3.763339630726910023e+00
3.761407931110270830e+00
3.759478165624966728e+00
3.757550331156076062e+00
3.755624424595567667e+00
3.753700442842283103e+00
3.751778382801910894e+00
3.749858241386980318e+00
3.747940015516818768e+00
3.746023702117565080e+00
3.744109298122120677e+00
3.742196800470147799e+00
3.740286206108048184e+00
3.738377511988938195e+00
3.736470715072627513e+00
3.734565812325621792e+00
3.732662800721075591e+00
3.730761677238792373e+00
3.728862438865201412e+00
3.726965082593330258e+00
3.725069605422805630e+00
3.723176004359815217e+00
3.721284276417098802e+00
3.719394418613938491e+00
3.717506427976122296e+00
3.715620301535933478e+00
3.713736036332141666e+00
3.711853629409970878e+00
3.709973077821085319e+00
3.708094378623589371e+00
3.706217528881976975e+00
3.704342525667138730e+00
3.702469366056342359e+00
3.700598047133198065e+00
3.698728565987656758e+00
3.696860919715995841e+00
3.694995105420787240e+00
3.693131120210881413e+00
3.691268961201412679e+00
3.689408625513745932e+00
3.687550110275497062e+00
3.685693412620473453e+00
3.683838529688702401e+00
3.681985458626387597e+00
3.680134196585885142e+00
3.678284740725708879e+00
3.676437088210496640e+00
3.674591236211011136e+00
3.672747181904094660e+00
3.670904922472683296e+00
3.669064455105772282e+00
3.667225776998399134e+00
3.665388885351634762e+00
3.663553777372564824e+00
3.661720450274271954e+00
3.659888901275818895e+00
3.658059127602232508e+00
3.656231126484486005e+00
3.654404895159487410e+00
3.652580430870063566e+00
3.650757730864934381e+00
3.648936792398703055e+00
3.647117612731847203e+00
3.645300189130692203e+00
3.643484518867397881e+00
3.641670599219950510e+00
3.639858427472128177e+00
3.638048000913513214e+00
3.636239316839451341e+00
3.634432372551039236e+00
3.632627165355126309e+00
3.630823692564289829e+00
3.629021951496802956e+00
3.627221939476646284e+00
3.625423653833481197e+00
3.623627091902622332e+00
3.621832251025040250e+00
3.620039128547342777e+00
3.618247721821748364e+00
3.616458028206088748e+00
3.614670045063771653e+00
3.612883769763793218e+00
3.611099199680690042e+00
3.609316332194557830e+00
3.607535164691017648e+00
3.605755694561199931e+00
3.603977919201731162e+00
3.602201836014730318e+00
3.600427442407785783e+00
3.598654735793931359e+00
3.596883713591650711e+00
3.595114373224848059e+00
3.593346712122843734e+00
3.591580727720351085e+00
3.589816417457460496e+00
3.588053778779645597e+00
3.586292809137716198e+00
3.584533505987833379e+00
3.582775866791482855e+00
3.581019889015452762e+00
3.579265570131838103e+00
3.577512907618008775e+00
3.575761898956606011e+00
3.574012541635531726e+00
3.572264833147920093e+00
3.570518770992136659e+00
3.568774352671758798e+00
3.567031575695564172e+00
3.565290437577513849e+00
3.563550935836738986e+00
3.561813067997538163e+00
3.560076831589344515e+00
3.558342224146723076e+00
3.556609243209363669e+00
3.554877886322049818e+00
3.553148151034664082e+00
3.551420034902158740e+00
3.549693535484550466e+00
3.547968650346914110e+00
3.546245377059354276e+00
3.544523713196997328e+00
3.542803656339986951e+00
3.541085204073455728e+00
3.539368353987528693e+00
3.537653103677293132e+00
3.535939450742806578e+00
3.534227392789057731e+00
3.532516927425978892e+00
3.530808052268409547e+00
3.529100764936110579e+00
3.527395063053720747e+00
3.525690944250770897e+00
3.523988406161651099e+00
3.522287446425611535e+00
3.520588062686747399e+00
3.518890252593981138e+00
3.517194013801043795e+00
3.515499343966484780e+00
3.513806240753642562e+00
3.512114701830623353e+00
3.510424724870314428e+00
3.508736307550356592e+00
3.507049447553124644e+00
3.505364142565731811e+00
3.503680390280000445e+00
3.501998188392473566e+00
3.500317534604369563e+00
